RealFaults:
d = {}
d['P1'] = [114153, 144230, 142644]
d['P2'] = [105074, 106009, 106019, 105953, 105999, 106348, 104126, 118233, 73999]
d['P3'] = [147307]
d['P4'] = [105029, 106865, 105854]
d['P5'] = [94639, 94680]
d['P6'] = [27232, 27073]
d['P7'] = [107525, 107480, 109467]
d['P8'] = [124857, 124749]
d['P9'] = [109724, 109682]
d['P10'] = [103143, 107478, 107443, 107457, 100331, 104493, 104507]
d['P11'] = [100521, 5538, 5335, 5322]
d['P12'] = [90267]
d['P13'] = [88675]
d['P14'] = [395, 361, 18555, 19734, 19662, 19614, 18516, 18483, 19714, 19642, 18476]
d['H1'] = [2209]
d['H2'] = [772]
d['H3'] = [2077]
d['H4'] = [349]
d['H5'] = [1262]
d['H6'] = [1200]
d['H7'] = [1825, 300]
d['H8'] = [552]
d['H9'] = [948]
d['H10'] = [801]
d['H11'] = [760]
d['H12'] = [733]
d['H13'] = [131]
d['H14'] = [1117]
d['H15'] = [487]
d['D1'] = [186417, 21565, 19233, 18729, 18717]
d['D2'] = [266922, 101587, 103773]

SeededFaults:
pandoc_src_Text_Pandoc_Readers_Creole.hs
2 [109315]
3 [109228]
6 [109285]
7 [109141]
8 [108738]
10 [109002]
11 [109141]
12 [108815]
13 [108749]
14 [109141]
15 [109262]
16 [108815]
17 [108674]
18 [109228]
19 [108815]
22 [109141]
23 [108925]
24 [109141]
25 [109149]
26 [109002]
27 [108762]
28 [108815]
29 [109236]
30 [108815]
33 [108815]
34 [108674]
38 [108815]
57 [108738]
58 [108611]
60 [108634]
62 [109141]
63 [108738]
65 [109141]
67 [108738]
68 [109002]
73 [109141]
83 [109262]
84 [109141]
93 [108674]
103 [109232]
104 [108815]
106 [109141]
109 [109228]
110 [108815]
111 [109228]
112 [109141]
pandoc_src_Text_Pandoc_Readers_Odt.hs
1 [99248]
2 [99248]
3 [99248]
4 [99248]
9 [99248]
11 [99248]
16 [99248]
17 [99248]
19 [99248]
pandoc_src_Text_Pandoc_Readers_Org_BlockStarts.hs
1 [942]
3 [842]
5 [985]
6 [842]
7 [842]
8 [842]
10 [942]
11 [882]
12 [917]
pandoc_src_Text_Pandoc_Readers_Org_DocumentTree.hs
1 [30388]
2 [29892]
3 [29892]
4 [30333]
5 [29843]
6 [30249]
7 [29928]
8 [29789]
9 [30337]
10 [30249]
11 [30249]
14 [29789]
15 [29892]
16 [30333]
17 [30249]
18 [30249]
19 [30517]
20 [30333]
21 [29892]
25 [30135]
27 [30388]
28 [30333]
30 [29843]
31 [30333]
32 [30333]
33 [29789]
34 [30135]
35 [30249]
36 [29789]
37 [29892]
38 [29905]
39 [30552]
hadolint_src_Hadolint_Formatter_Format.hs
1 [4811]
3 [4800]
4 [4811]
5 [4811]
7 [4811]
9 [4811]
10 [4811]
11 [4811]
12 [4811]
14 [4811]
hadolint_src_Hadolint_Ignore.hs
23 [72]
24 [72]
hadolint_src_Hadolint_Rule_DL3000.hs
0 [4110]
1 [4150]
4 [4093]
5 [4110]
6 [4151]
7 [4110]
8 [4152]
9 [4093]
10 [4093]
11 [4110]
12 [4152]
13 [4093]
14 [4110]
15 [4110]
16 [4093]
17 [4124]
18 [4110]
19 [4111]
20 [4093]
22 [4093]
23 [4110]
24 [4152]
25 [4094]
26 [4110]
27 [4151]
29 [4110]
30 [4093]
31 [4151]
32 [4151]
33 [4151]
34 [4110]
35 [4151]
36 [4110]
37 [4093]
38 [4093]
39 [4110]
40 [4111]
41 [4151]
42 [4151]
43 [4110]
45 [4093]
46 [4110]
47 [4151]
48 [4110]
hadolint_src_Hadolint_Rule_DL3001.hs
3 [4075]
4 [4074]
6 [4075]
10 [4075]
11 [4072]
13 [4075]
hadolint_src_Hadolint_Rule_DL3003.hs
0 [3943]
1 [3937]
3 [3943]
4 [3943]
5 [3943]
6 [3942]
hadolint_src_Hadolint_Rule_DL3004.hs
0 [3923]
2 [3917]
3 [3923]
4 [3922]
5 [3923]
6 [3923]
hadolint_src_Hadolint_Rule_DL3005.hs
0 [3902]
1 [3903]
2 [3903]
3 [3903]
4 [3903]
5 [3895]
6 [3903]
8 [3903]
hadolint_src_Hadolint_Rule_DL3007.hs
0 [3834]
1 [3834]
3 [3834]
4 [3831]
5 [3833]
6 [3834]
7 [3834]
8 [3834]
10 [3834]
11 [3834]
hadolint_src_Hadolint_Rule_DL3008.hs
0 [3817]
4 [3817]
5 [3817]
6 [3816]
7 [3811]
8 [3785]
9 [3785]
10 [3785]
11 [3817]
12 [3785]
13 [3785]
14 [3785]
15 [3785]
16 [3817]
17 [3785]
18 [3817]
hadolint_src_Hadolint_Rule_DL3010.hs
0 [3617]
1 [3617]
2 [3617]
3 [3617]
4 [3617]
5 [3617]
6 [3617]
8 [3616]
9 [3617]
10 [3608]
11 [3617]
12 [3617]
13 [3617]
14 [3617]
15 [3617]
16 [3617]
17 [3617]
18 [3617]
19 [3617]
20 [3617]
hadolint_src_Hadolint_Rule_DL3011.hs
4 [3577]
8 [3577]
11 [3577]
12 [3576]
14 [3577]
21 [3577]
24 [3577]
25 [3577]
26 [3560]
30 [3577]
31 [3577]
hadolint_src_Hadolint_Rule_DL3013.hs
2 [3505]
3 [3358]
6 [3358]
8 [3358]
10 [3509]
12 [3509]
13 [3509]
14 [3358]
17 [3509]
19 [3509]
21 [3390]
22 [3390]
25 [3509]
26 [3358]
27 [3509]
28 [3509]
29 [3390]
31 [3358]
34 [3509]
35 [3509]
36 [3358]
38 [3509]
39 [3390]
40 [3509]
41 [3390]
42 [3509]
43 [3390]
44 [3509]
45 [3509]
46 [3509]
48 [3508]
49 [3390]
50 [3509]
53 [3509]
54 [3358]
56 [3509]
57 [3358]
hadolint_src_Hadolint_Rule_DL3014.hs
0 [3350]
1 [3350]
2 [3350]
3 [3350]
4 [3350]
5 [3349]
6 [3350]
7 [3350]
9 [3350]
10 [3350]
11 [3346]
hadolint_src_Hadolint_Rule_DL3015.hs
0 [3313]
2 [3313]
3 [3313]
4 [3312]
5 [3313]
6 [3309]
7 [3313]
8 [3313]
9 [3313]
hadolint_src_Hadolint_Rule_DL3016.hs
0 [3274]
1 [3179]
2 [3226]
3 [3162]
4 [3227]
5 [3179]
9 [3151]
10 [3145]
11 [3145]
13 [3179]
14 [3245]
16 [3227]
17 [3139]
18 [3240]
19 [3162]
20 [3139]
21 [3245]
22 [3275]
23 [3179]
24 [3275]
25 [3162]
27 [3151]
29 [3145]
31 [3179]
32 [3179]
33 [3162]
34 [3183]
35 [3162]
36 [3179]
37 [3154]
38 [3271]
39 [3151]
40 [3139]
41 [3227]
42 [3275]
43 [3162]
44 [3145]
45 [3226]
46 [3162]
47 [3151]
48 [3179]
hadolint_src_Hadolint_Rule_DL3017.hs
0 [3127]
1 [3134]
2 [3134]
3 [3134]
4 [3133]
5 [3134]
7 [3134]
hadolint_src_Hadolint_Rule_DL3018.hs
0 [3086]
2 [3113]
3 [3112]
4 [3086]
5 [3113]
6 [3086]
8 [3086]
9 [3113]
10 [3086]
11 [3086]
12 [3086]
13 [3086]
14 [3086]
16 [3113]
17 [3104]
18 [3086]
hadolint_src_Hadolint_Rule_DL3019.hs
0 [3059]
1 [3058]
2 [3059]
3 [3059]
5 [3055]
6 [3059]
7 [3059]
8 [3059]
hadolint_src_Hadolint_Rule_DL3020.hs
0 [3007]
1 [3007]
2 [3007]
3 [2985]
4 [3007]
5 [3007]
6 [3007]
7 [3030]
8 [3007]
9 [3030]
10 [3007]
11 [3007]
12 [3007]
13 [3007]
14 [3030]
15 [3029]
16 [3007]
17 [2985]
18 [3007]
19 [3021]
20 [3007]
22 [3007]
hadolint_src_Hadolint_Rule_DL3021.hs
0 [2976]
1 [2976]
2 [2976]
5 [2976]
6 [2976]
7 [2976]
8 [2976]
9 [2976]
10 [2975]
11 [2976]
12 [2976]
13 [2976]
14 [2964]
16 [2976]
18 [2976]
19 [2976]
20 [2977]
21 [2976]
22 [2976]
hadolint_src_Hadolint_Rule_DL3025.hs
0 [2834]
2 [2834]
3 [2833]
4 [2834]
5 [2833]
6 [2833]
7 [2834]
8 [2834]
9 [2834]
10 [2834]
11 [2834]
hadolint_src_Hadolint_Rule_DL3027.hs
0 [2751]
1 [2745]
2 [2751]
3 [2751]
4 [2751]
6 [2750]
hadolint_src_Hadolint_Rule_DL3028.hs
0 [2707]
2 [2707]
3 [2707]
4 [2707]
5 [2731]
6 [2707]
7 [2707]
8 [2730]
9 [2707]
10 [2707]
11 [2707]
12 [2731]
13 [2707]
14 [2707]
15 [2707]
16 [2707]
18 [2707]
19 [2707]
20 [2707]
21 [2731]
22 [2731]
23 [2707]
24 [2707]
25 [2725]
26 [2707]
27 [2707]
28 [2707]
29 [2707]
30 [2707]
31 [2707]
32 [2707]
33 [2707]
hadolint_src_Hadolint_Rule_DL3029.hs
0 [2654]
1 [2654]
2 [2654]
3 [2653]
5 [2654]
8 [2651]
9 [2654]
10 [2654]
hadolint_src_Hadolint_Rule_DL3030.hs
0 [2633]
2 [2637]
3 [2636]
4 [2637]
7 [2637]
8 [2637]
9 [2637]
11 [2637]
hadolint_src_Hadolint_Rule_DL3031.hs
0 [2600]
2 [2600]
3 [2600]
4 [2599]
6 [2590]
9 [2600]
10 [2600]
hadolint_src_Hadolint_Rule_DL3032.hs
0 [2576]
1 [2562]
3 [2576]
4 [2576]
5 [2576]
6 [2576]
8 [2575]
9 [2576]
hadolint_src_Hadolint_Rule_DL3033.hs
0 [2509]
1 [2509]
2 [2537]
3 [2537]
6 [2509]
7 [2509]
8 [2537]
9 [2509]
10 [2509]
11 [2537]
12 [2536]
13 [2509]
14 [2537]
15 [2531]
hadolint_src_Hadolint_Rule_DL3034.hs
3 [2490]
4 [2490]
6 [2490]
7 [2490]
9 [2490]
11 [2486]
13 [2489]
14 [2490]
15 [2490]
hadolint_src_Hadolint_Rule_DL3035.hs
0 [2449]
1 [2449]
2 [2448]
4 [2449]
5 [2449]
6 [2449]
7 [2439]
8 [2449]
9 [2449]
10 [2449]
hadolint_src_Hadolint_Rule_DL3036.hs
1 [2425]
2 [2425]
3 [2411]
4 [2425]
5 [2425]
6 [2425]
7 [2425]
9 [2425]
10 [2425]
11 [2424]
hadolint_src_Hadolint_Rule_DL3037.hs
0 [2341]
1 [2385]
2 [2341]
3 [2385]
4 [2341]
6 [2385]
7 [2385]
8 [2341]
10 [2385]
11 [2341]
12 [2385]
13 [2385]
15 [2385]
16 [2379]
18 [2384]
19 [2341]
20 [2341]
22 [2341]
24 [2341]
25 [2341]
26 [2385]
hadolint_src_Hadolint_Rule_DL3038.hs
0 [2316]
2 [2316]
3 [2312]
4 [2315]
5 [2316]
7 [2316]
9 [2316]
10 [2316]
hadolint_src_Hadolint_Rule_DL3039.hs
0 [2279]
2 [2279]
3 [2271]
4 [2279]
5 [2278]
6 [2279]
7 [2279]
8 [2279]
hadolint_src_Hadolint_Rule_DL3040.hs
0 [2257]
1 [2257]
2 [2257]
3 [2256]
5 [2257]
6 [2257]
7 [2257]
8 [2243]
hadolint_src_Hadolint_Rule_DL3041.hs
0 [2190]
2 [2212]
4 [2218]
5 [2190]
6 [2218]
7 [2217]
8 [2190]
9 [2190]
10 [2190]
11 [2218]
12 [2218]
13 [2190]
14 [2218]
15 [2190]
hadolint_src_Hadolint_Rule_DL3042.hs
2 [2171]
3 [2171]
4 [2171]
5 [2167]
6 [2137]
7 [2137]
9 [2171]
10 [2170]
hadolint_src_Hadolint_Rule_DL3043.hs
0 [2115]
1 [2116]
2 [2116]
3 [2116]
4 [2116]
5 [2116]
7 [2116]
8 [2116]
9 [2115]
10 [2116]
12 [2116]
13 [2116]
14 [2116]
15 [2116]
16 [2116]
18 [2116]
19 [2115]
20 [2116]
21 [2116]
22 [2116]
23 [2116]
24 [2116]
27 [2116]
28 [2115]
29 [2116]
31 [2116]
32 [2116]
hadolint_src_Hadolint_Rule_DL3046.hs
0 [1778]
1 [1778]
2 [1778]
3 [1778]
4 [1778]
5 [1778]
6 [1774]
7 [1778]
8 [1778]
9 [1778]
10 [1778]
11 [1778]
12 [1778]
14 [1778]
16 [1778]
17 [1778]
18 [1777]
21 [1778]
23 [1778]
24 [1778]
hadolint_src_Hadolint_Rule_DL3047.hs
0 [1724]
1 [1724]
2 [1724]
3 [1724]
4 [1724]
5 [1724]
6 [1724]
7 [1724]
8 [1723]
9 [1724]
10 [1720]
11 [1724]
13 [1724]
14 [1724]
15 [1724]
17 [1724]
18 [1724]
19 [1724]
20 [1724]
21 [1724]
hadolint_src_Hadolint_Rule_DL3048.hs
4 [1646]
7 [1572]
9 [1646]
12 [1564]
13 [1584]
16 [1564]
18 [1564]
20 [1646]
24 [1564]
25 [1572]
26 [1646]
28 [1564]
29 [1644]
31 [1646]
32 [1646]
33 [1646]
34 [1645]
36 [1564]
37 [1584]
hadolint_src_Hadolint_Rule_DL3050.hs
1 [1417]
3 [1417]
4 [1403]
5 [1418]
6 [1417]
7 [1416]
hadolint_src_Hadolint_Rule_DL3051.hs
0 [1382]
1 [1359]
5 [1359]
6 [1382]
7 [1359]
9 [1359]
10 [1381]
11 [1377]
hadolint_src_Hadolint_Rule_DL3052.hs
2 [1311]
3 [1334]
6 [1329]
7 [1344]
9 [1311]
10 [1334]
11 [1311]
14 [1311]
hadolint_src_Hadolint_Rule_DL3053.hs
0 [1278]
1 [1260]
3 [1283]
4 [1260]
9 [1293]
11 [1283]
14 [1260]
16 [1260]
hadolint_src_Hadolint_Rule_DL3054.hs
0 [1233]
1 [1243]
2 [1210]
4 [1228]
6 [1210]
11 [1233]
12 [1210]
16 [1210]
hadolint_src_Hadolint_Rule_DL3055.hs
2 [1145]
4 [1145]
7 [1160]
8 [1178]
9 [1160]
10 [1145]
11 [1145]
14 [1145]
16 [1145]
17 [1145]
18 [1145]
19 [1183]
20 [1130]
21 [1145]
24 [1183]
25 [1145]
26 [1193]
27 [1145]
31 [1145]
32 [1130]
33 [1160]
36 [1130]
37 [1145]
38 [1160]
39 [1145]
41 [1130]
hadolint_src_Hadolint_Rule_DL3056.hs
1 [1112]
2 [1089]
3 [1112]
4 [1089]
6 [1122]
7 [1109]
8 [1089]
10 [1089]
hadolint_src_Hadolint_Rule_DL3058.hs
2 [925]
4 [958]
5 [925]
6 [925]
7 [948]
8 [943]
11 [925]
13 [948]
hadolint_src_Hadolint_Rule_DL4000.hs
0 [907]
1 [908]
hadolint_src_Hadolint_Rule_DL4005.hs
0 [764]
1 [757]
2 [764]
3 [764]
4 [764]
5 [763]
7 [764]
hadolint_src_Hadolint_Rule_Shellcheck.hs
0 [651]
1 [651]
3 [651]
4 [651]
5 [651]
7 [651]
8 [651]
9 [651]
10 [651]
13 [651]
14 [651]
15 [651]
16 [651]
17 [651]
18 [651]
19 [651]
22 [651]
23 [651]
24 [651]
25 [651]
26 [651]
27 [651]
28 [651]
29 [651]
31 [651]
32 [651]
34 [651]
35 [651]
37 [651]
38 [651]
39 [651]
40 [651]
41 [651]
43 [651]
45 [651]
47 [651]
48 [651]
49 [651]
50 [651]
51 [651]
52 [651]
54 [651]
55 [651]
56 [651]
57 [651]
59 [651]
60 [651]
61 [645]
62 [651]
64 [651]
66 [651]
67 [651]
69 [651]
70 [651]
71 [651]
72 [651]
73 [651]
74 [651]
75 [651]
76 [651]
77 [651]
78 [651]
79 [651]
80 [651]
82 [651]
83 [651]
84 [651]
85 [651]
86 [651]
87 [651]
88 [651]
89 [651]
90 [651]
91 [651]
92 [651]
93 [651]
94 [651]
95 [651]
97 [651]
98 [651]
99 [651]
100 [651]
101 [651]
102 [651]
103 [651]
104 [651]
105 [651]
106 [651]
107 [651]
108 [651]
109 [651]
110 [651]
111 [651]
113 [651]
114 [651]
115 [651]
116 [651]
117 [651]
118 [651]
119 [651]
120 [651]
121 [651]
122 [651]
123 [651]
124 [651]
125 [651]
127 [651]
128 [644]
129 [651]
130 [651]
131 [651]
132 [651]
133 [651]
134 [651]
135 [651]
137 [651]
138 [651]
139 [651]
141 [651]
142 [651]
143 [651]
146 [651]
147 [651]
148 [651]
150 [651]
151 [651]
153 [651]
154 [651]
155 [651]
156 [651]
157 [651]
158 [651]
160 [651]
161 [651]
162 [651]
164 [651]
165 [651]
166 [651]
167 [651]
168 [651]
169 [651]
170 [651]
172 [651]
173 [651]
175 [651]
176 [651]
177 [651]
178 [651]
180 [651]
181 [651]
182 [651]
183 [651]
184 [651]
185 [651]
187 [651]
188 [651]
190 [651]
191 [651]
193 [651]
194 [651]
195 [651]
196 [651]
197 [651]
199 [651]
201 [651]
202 [651]
203 [651]
204 [651]
205 [651]
206 [651]
207 [651]
209 [651]
210 [651]
212 [651]
213 [651]
214 [651]
215 [651]
216 [651]
217 [651]
218 [651]
219 [651]
220 [651]
221 [651]
222 [651]
223 [651]
224 [651]
227 [651]
229 [651]
230 [651]
231 [651]
232 [651]
233 [651]
234 [651]
235 [651]
236 [651]
237 [651]
238 [651]
240 [651]
243 [651]
244 [651]
245 [651]
246 [651]
248 [651]
249 [651]
250 [651]
251 [651]
252 [651]
253 [651]
255 [651]
256 [651]
258 [651]
259 [651]
260 [651]
261 [651]
262 [651]
263 [651]
264 [651]
265 [651]
266 [651]
267 [651]
268 [651]
270 [651]
271 [651]
272 [651]
273 [651]
274 [651]
275 [651]
276 [651]
277 [651]
278 [651]
279 [651]
280 [651]
281 [651]
283 [651]
285 [651]
286 [651]
288 [651]
290 [651]
291 [651]
292 [651]
294 [651]
295 [651]
296 [651]
297 [651]
